# Game Level Exporter v1.0
MESH
Pot2_Broken.000
<Matrix 4x4 (1.0000, 0.0000,  0.0000, 0.0000)
            (0.0000, 1.0000, -0.0000, 0.0000)
            (0.0000, 0.0000,  1.0000, 0.0000)
            (3.5500, 0.0200,  3.1000, 1.0000)>
MESH
Pot3_Broken.000
<Matrix 4x4 ( 1.0000, 0.0000,  0.0000, 0.0000)
            ( 0.0000, 1.0000, -0.0000, 0.0000)
            ( 0.0000, 0.0000,  1.0000, 0.0000)
            (-3.5000, 0.0000,  2.7500, 1.0000)>
MESH
Pot3.000
<Matrix 4x4 ( 1.0000, 0.0000,  0.0000, 0.0000)
            ( 0.0000, 1.0000, -0.0000, 0.0000)
            ( 0.0000, 0.0000,  1.0000, 0.0000)
            (-3.0000, 0.0000,  2.7000, 1.0000)>
MESH
Pot1.000
<Matrix 4x4 ( 1.0000, 0.0000,  0.0000, 0.0000)
            ( 0.0000, 1.0000, -0.0000, 0.0000)
            ( 0.0000, 0.0000,  1.0000, 0.0000)
            (-2.5000, 0.0000, -3.7000, 1.0000)>
MESH
Column_Round.000
<Matrix 4x4 ( 1.0000, 0.0000,  0.0000, 0.0000)
            ( 0.0000, 1.0000, -0.0000, 0.0000)
            ( 0.0000, 0.0000,  1.0000, 0.0000)
            (-3.0000, 0.0000, -3.2000, 1.0000)>
MESH
Column_Round.001
<Matrix 4x4 ( 1.0000, 0.0000,  0.0000, 0.0000)
            ( 0.0000, 1.0000, -0.0000, 0.0000)
            ( 0.0000, 0.0000,  1.0000, 0.0000)
            (-3.0000, 0.0000,  3.2000, 1.0000)>
MESH
Column_Round.002
<Matrix 4x4 (1.0000, 0.0000,  0.0000, 0.0000)
            (0.0000, 1.0000, -0.0000, 0.0000)
            (0.0000, 0.0000,  1.0000, 0.0000)
            (3.0000, 0.0000,  3.2000, 1.0000)>
MESH
Column_Round.003
<Matrix 4x4 (1.0000, 0.0000,  0.0000, 0.0000)
            (0.0000, 1.0000, -0.0000, 0.0000)
            (0.0000, 0.0000,  1.0000, 0.0000)
            (3.0000, 0.0000, -3.2000, 1.0000)>
MESH
Barrel.000
<Matrix 4x4 ( 0.7500, 0.0000,  0.0000, 0.0000)
            ( 0.0000, 0.7500, -0.0000, 0.0000)
            ( 0.0000, 0.0000,  0.7500, 0.0000)
            (-1.5000, 0.0000,  1.0000, 1.0000)>
MESH
Barrel.001
<Matrix 4x4 (0.7500, 0.0000,  0.0000, 0.0000)
            (0.0000, 0.7500, -0.0000, 0.0000)
            (0.0000, 0.0000,  0.7500, 0.0000)
            (1.5000, 0.0000,  1.0000, 1.0000)>
MESH
Barrel.002
<Matrix 4x4 ( 0.7500, 0.0000,  0.0000, 0.0000)
            ( 0.0000, 0.7500, -0.0000, 0.0000)
            ( 0.0000, 0.0000,  0.7500, 0.0000)
            (-1.6000, 0.0000, -1.1000, 1.0000)>
MESH
Barrel.003
<Matrix 4x4 ( 0.7500, 0.0000,  0.0000, 0.0000)
            ( 0.0000, 0.7500, -0.0000, 0.0000)
            ( 0.0000, 0.0000,  0.7500, 0.0000)
            (-0.9000, 0.0000, -1.8000, 1.0000)>
MESH
Barrel.004
<Matrix 4x4 (0.7500, 0.0000,  0.0000, 0.0000)
            (0.0000, 0.7500, -0.0000, 0.0000)
            (0.0000, 0.0000,  0.7500, 0.0000)
            (0.0000, 0.0000, -2.0000, 1.0000)>
MESH
Barrel.005
<Matrix 4x4 (0.7500, 0.0000,  0.0000, 0.0000)
            (0.0000, 0.7500, -0.0000, 0.0000)
            (0.0000, 0.0000,  0.7500, 0.0000)
            (0.9000, 0.0000, -1.8000, 1.0000)>
MESH
Barrel.006
<Matrix 4x4 (0.7500, 0.0000,  0.0000, 0.0000)
            (0.0000, 0.7500, -0.0000, 0.0000)
            (0.0000, 0.0000,  0.7500, 0.0000)
            (1.6000, 0.0000, -1.1000, 1.0000)>
MESH
Candelabrum_tall.000
<Matrix 4x4 (1.0000, 0.0000,  0.0000, 0.0000)
            (0.0000, 1.0000, -0.0000, 0.0000)
            (0.0000, 0.0000,  1.0000, 0.0000)
            (0.0000, 0.0000,  0.0000, 1.0000)>
MESH
Floor_Standard.000
<Matrix 4x4 (5.0000, 0.0000,  0.0000, 0.0000)
            (0.0000, 1.0000, -0.0000, 0.0000)
            (0.0000, 0.0000,  5.0000, 0.0000)
            (0.0000, 0.0000,  0.0000, 1.0000)>
MESH
Rock2.000
<Matrix 4x4 ( 0.2500, 0.0000,  0.4330, 0.0000)
            ( 0.0000, 0.5000, -0.0000, 0.0000)
            (-0.4330, 0.0000,  0.2500, 0.0000)
            (-1.0000, 0.0000,  3.0000, 1.0000)>
MESH
Rock1.000
<Matrix 4x4 (1.0000, 0.0000,  0.0000, 0.0000)
            (0.0000, 1.0000, -0.0000, 0.0000)
            (0.0000, 0.0000,  1.0000, 0.0000)
            (4.1397, 0.0000, -0.7043, 1.0000)>
LIGHT
Light
<Matrix 4x4 (-0.2909, -0.0552,  0.9552, 0.0000)
            (-0.7711,  0.6045, -0.1999, 0.0000)
            (-0.5664, -0.7947, -0.2184, 0.0000)
            ( 0.0000,  1.7967,  0.0000, 1.0000)>