# Game Level Exporter v1.0
CAMERA
Camera
<Matrix 4x4 ( 0.6859,  0.0000,  0.7277, 0.0000)
            (-0.3240,  0.8954,  0.3054, 0.0000)
            (-0.6516, -0.4453,  0.6142, 0.0000)
            ( 7.3589,  4.9583, -6.9258, 1.0000)>
LIGHT
Light
<Matrix 4x4 (-0.2909, -0.0552,  0.9552, 0.0000)
            (-0.7711,  0.6045, -0.1999, 0.0000)
            (-0.5664, -0.7947, -0.2184, 0.0000)
            ( 4.0762,  5.9039,  1.0055, 1.0000)>
MESH
ModularStoneWall.021
<Matrix 4x4 ( 1.0000, 0.0000,  0.0000, 0.0000)
            ( 0.0000, 1.0000, -0.0000, 0.0000)
            ( 0.0000, 0.0000,  1.0000, 0.0000)
            (-3.0000, 1.3000,  0.0000, 1.0000)>
MESH
ModularStoneWall.001
<Matrix 4x4 ( 1.0000, 0.0000,  0.0000, 0.0000)
            ( 0.0000, 1.0000, -0.0000, 0.0000)
            ( 0.0000, 0.0000,  1.0000, 0.0000)
            (-5.0000, 1.3000, -8.0000, 1.0000)>
MESH
ModularStoneWall.002
<Matrix 4x4 ( 1.0000, 0.0000,  0.0000, 0.0000)
            ( 0.0000, 1.0000, -0.0000, 0.0000)
            ( 0.0000, 0.0000,  1.0000, 0.0000)
            (-5.0000, 1.3000, -6.0000, 1.0000)>
MESH
ModularStoneWall.003
<Matrix 4x4 ( 1.0000, 0.0000,  0.0000, 0.0000)
            ( 0.0000, 1.0000, -0.0000, 0.0000)
            ( 0.0000, 0.0000,  1.0000, 0.0000)
            (-3.0000, 1.3000,  2.0000, 1.0000)>
MESH
ModularStoneWall.004
<Matrix 4x4 ( 0.0000, 0.0000, -1.0000, 0.0000)
            (-0.0000, 1.0000, -0.0000, 0.0000)
            ( 1.0000, 0.0000,  0.0000, 0.0000)
            ( 4.0566, 1.3000, -5.0062, 1.0000)>
MESH
ModularStoneWall.005
<Matrix 4x4 (-1.0000, 0.0000, -0.0000, 0.0000)
            (-0.0000, 1.0000,  0.0000, 0.0000)
            ( 0.0000, 0.0000, -1.0000, 0.0000)
            ( 3.0000, 1.3000,  4.0000, 1.0000)>
MESH
ModularStoneWall.006
<Matrix 4x4 ( 1.0000, 0.0000,  0.0000, 0.0000)
            ( 0.0000, 1.0000, -0.0000, 0.0000)
            ( 0.0000, 0.0000,  1.0000, 0.0000)
            (-3.0000, 1.3000, -3.9700, 1.0000)>
MESH
ModularStoneWall.007
<Matrix 4x4 ( 1.0000, 0.0000,  0.0000, 0.0000)
            ( 0.0000, 1.0000, -0.0000, 0.0000)
            ( 0.0000, 0.0000,  1.0000, 0.0000)
            (-3.0000, 1.3000, -2.0000, 1.0000)>
MESH
ModularStoneWall.008
<Matrix 4x4 ( 1.0000, 0.0000,  0.0000, 0.0000)
            ( 0.0000, 1.0000, -0.0000, 0.0000)
            ( 0.0000, 0.0000,  1.0000, 0.0000)
            (-3.0000, 1.3000,  4.0000, 1.0000)>
MESH
ModularStoneWall.009
<Matrix 4x4 (-0.0000, 0.0000, -1.0000, 0.0000)
            (-0.0000, 1.0000,  0.0000, 0.0000)
            ( 1.0000, 0.0000, -0.0000, 0.0000)
            (-4.0566, 1.3000, -5.0062, 1.0000)>
MESH
ModularStoneWall.011
<Matrix 4x4 (-1.0000, 0.0000, -0.0000, 0.0000)
            (-0.0000, 1.0000,  0.0000, 0.0000)
            ( 0.0000, 0.0000, -1.0000, 0.0000)
            ( 3.0000, 1.3000,  0.0000, 1.0000)>
MESH
ModularStoneWall.010
<Matrix 4x4 (-1.0000, 0.0000, -0.0000, 0.0000)
            (-0.0000, 1.0000,  0.0000, 0.0000)
            ( 0.0000, 0.0000, -1.0000, 0.0000)
            ( 3.0000, 1.3000,  2.0000, 1.0000)>
MESH
ModularStoneWall.012
<Matrix 4x4 (-1.0000, 0.0000, -0.0000, 0.0000)
            (-0.0000, 1.0000,  0.0000, 0.0000)
            ( 0.0000, 0.0000, -1.0000, 0.0000)
            ( 3.0000, 1.3000, -2.0000, 1.0000)>
MESH
ModularStoneWall.013
<Matrix 4x4 (-1.0000, 0.0000, -0.0000, 0.0000)
            (-0.0000, 1.0000,  0.0000, 0.0000)
            ( 0.0000, 0.0000, -1.0000, 0.0000)
            ( 3.0000, 1.3000, -3.9600, 1.0000)>
MESH
ModularStoneWall.014
<Matrix 4x4 (-1.0000, 0.0000, -0.0000, 0.0000)
            (-0.0000, 1.0000,  0.0000, 0.0000)
            ( 0.0000, 0.0000, -1.0000, 0.0000)
            ( 5.0000, 1.3000, -6.0000, 1.0000)>
MESH
ModularStoneWall.015
<Matrix 4x4 (-1.0000, 0.0000, -0.0000, 0.0000)
            (-0.0000, 1.0000,  0.0000, 0.0000)
            ( 0.0000, 0.0000, -1.0000, 0.0000)
            ( 5.0000, 1.3000, -8.0000, 1.0000)>
MESH
ModularStoneWall.016
<Matrix 4x4 (-0.0000, 0.0000,  1.0000, 0.0000)
            ( 0.0000, 1.0000,  0.0000, 0.0000)
            (-1.0000, 0.0000, -0.0000, 0.0000)
            (-2.0000, 1.3000, -9.0000, 1.0000)>
MESH
ModularStoneWall.017
<Matrix 4x4 (-0.0000, 0.0000,  1.0000, 0.0000)
            ( 0.0000, 1.0000,  0.0000, 0.0000)
            (-1.0000, 0.0000, -0.0000, 0.0000)
            (-0.0000, 1.3000, -9.0000, 1.0000)>
MESH
ModularStoneWall.018
<Matrix 4x4 (-0.0000, 0.0000,  1.0000, 0.0000)
            ( 0.0000, 1.0000,  0.0000, 0.0000)
            (-1.0000, 0.0000, -0.0000, 0.0000)
            ( 2.0000, 1.3000, -9.0000, 1.0000)>
MESH
ModularStoneWall.019
<Matrix 4x4 (-0.0000, 0.0000,  1.0000, 0.0000)
            ( 0.0000, 1.0000,  0.0000, 0.0000)
            (-1.0000, 0.0000, -0.0000, 0.0000)
            ( 4.0000, 1.3000, -9.0000, 1.0000)>
MESH
ModularStoneWall.020
<Matrix 4x4 (-0.0000, 0.0000,  1.0000, 0.0000)
            ( 0.0000, 1.0000,  0.0000, 0.0000)
            (-1.0000, 0.0000, -0.0000, 0.0000)
            (-4.0000, 1.3000, -9.0000, 1.0000)>
MESH
ModularStoneWall_top.017
<Matrix 4x4 ( 1.0000, 0.0000,  0.0000, 0.0000)
            ( 0.0000, 1.0000, -0.0000, 0.0000)
            ( 0.0000, 0.0000,  1.0000, 0.0000)
            (-3.0000, 3.3000,  4.0000, 1.0000)>
MESH
ModularStoneWall_top.001
<Matrix 4x4 (-1.0000, 0.0000, -0.0000, 0.0000)
            (-0.0000, 1.0000,  0.0000, 0.0000)
            ( 0.0000, 0.0000, -1.0000, 0.0000)
            ( 3.0000, 3.3000,  2.0000, 1.0000)>
MESH
ModularStoneWall_top.002
<Matrix 4x4 ( 1.0000, 0.0000,  0.0000, 0.0000)
            ( 0.0000, 1.0000, -0.0000, 0.0000)
            ( 0.0000, 0.0000,  1.0000, 0.0000)
            (-3.0000, 3.3000,  2.0000, 1.0000)>
MESH
ModularStoneWall_top.003
<Matrix 4x4 ( 1.0000, 0.0000,  0.0000, 0.0000)
            ( 0.0000, 1.0000, -0.0000, 0.0000)
            ( 0.0000, 0.0000,  1.0000, 0.0000)
            (-3.0000, 3.3000,  0.0000, 1.0000)>
MESH
ModularStoneWall_top.004
<Matrix 4x4 ( 1.0000, 0.0000,  0.0000, 0.0000)
            ( 0.0000, 1.0000, -0.0000, 0.0000)
            ( 0.0000, 0.0000,  1.0000, 0.0000)
            (-3.0000, 3.3000, -2.0000, 1.0000)>
MESH
ModularStoneWall_top.005
<Matrix 4x4 ( 1.0000, 0.0000,  0.0000, 0.0000)
            ( 0.0000, 1.0000, -0.0000, 0.0000)
            ( 0.0000, 0.0000,  1.0000, 0.0000)
            (-3.0000, 3.3000, -4.0000, 1.0000)>
MESH
ModularStoneWall_top.006
<Matrix 4x4 (-1.0000, 0.0000, -0.0000, 0.0000)
            (-0.0000, 1.0000,  0.0000, 0.0000)
            ( 0.0000, 0.0000, -1.0000, 0.0000)
            ( 3.0000, 3.3000,  4.0000, 1.0000)>
MESH
ModularStoneWall_top.007
<Matrix 4x4 (-1.0000, 0.0000, -0.0000, 0.0000)
            (-0.0000, 1.0000,  0.0000, 0.0000)
            ( 0.0000, 0.0000, -1.0000, 0.0000)
            ( 3.0000, 3.3000,  0.0000, 1.0000)>
MESH
ModularStoneWall_top.008
<Matrix 4x4 (-1.0000, 0.0000, -0.0000, 0.0000)
            (-0.0000, 1.0000,  0.0000, 0.0000)
            ( 0.0000, 0.0000, -1.0000, 0.0000)
            ( 3.0000, 3.3000, -2.0000, 1.0000)>
MESH
ModularStoneWall_top.009
<Matrix 4x4 ( 0.0000, 0.0000, -1.0000, 0.0000)
            (-0.0000, 1.0000, -0.0000, 0.0000)
            ( 1.0000, 0.0000,  0.0000, 0.0000)
            ( 4.0566, 3.3000, -5.0552, 1.0000)>
MESH
ModularStoneWall_top.010
<Matrix 4x4 (-0.0000, 0.0000, -1.0000, 0.0000)
            (-0.0000, 1.0000,  0.0000, 0.0000)
            ( 1.0000, 0.0000, -0.0000, 0.0000)
            (-4.0560, 3.3000, -5.0435, 1.0000)>
MESH
ModularStoneWall_top.011
<Matrix 4x4 (-1.0000, 0.0000, -0.0000, 0.0000)
            (-0.0000, 1.0000,  0.0000, 0.0000)
            ( 0.0000, 0.0000, -1.0000, 0.0000)
            ( 3.0000, 3.3000, -4.0000, 1.0000)>
MESH
ModularStoneWall_top.012
<Matrix 4x4 (-1.0000, 0.0000, -0.0000, 0.0000)
            (-0.0000, 1.0000,  0.0000, 0.0000)
            ( 0.0000, 0.0000, -1.0000, 0.0000)
            ( 5.0000, 3.3000, -6.0000, 1.0000)>
MESH
ModularStoneWall_top.013
<Matrix 4x4 (-1.0000, 0.0000, -0.0000, 0.0000)
            (-0.0000, 1.0000,  0.0000, 0.0000)
            ( 0.0000, 0.0000, -1.0000, 0.0000)
            ( 5.0000, 3.3000, -8.0000, 1.0000)>
MESH
ModularStoneWall_top.014
<Matrix 4x4 ( 1.0000, 0.0000,  0.0000, 0.0000)
            ( 0.0000, 1.0000, -0.0000, 0.0000)
            ( 0.0000, 0.0000,  1.0000, 0.0000)
            (-5.0000, 3.3000, -6.0000, 1.0000)>
MESH
ModularStoneWall_top.015
<Matrix 4x4 ( 1.0000, 0.0000,  0.0000, 0.0000)
            ( 0.0000, 1.0000, -0.0000, 0.0000)
            ( 0.0000, 0.0000,  1.0000, 0.0000)
            (-5.0000, 3.3000, -8.0000, 1.0000)>
MESH
ModularStoneWall_top.016
<Matrix 4x4 (-0.0000, 0.0000,  1.0000, 0.0000)
            ( 0.0000, 1.0000,  0.0000, 0.0000)
            (-1.0000, 0.0000, -0.0000, 0.0000)
            (-4.0000, 3.3000, -9.0000, 1.0000)>
MESH
ModularStoneWall_top.021
<Matrix 4x4 (-0.0000, 0.0000,  1.0000, 0.0000)
            ( 0.0000, 1.0000,  0.0000, 0.0000)
            (-1.0000, 0.0000, -0.0000, 0.0000)
            (-2.0000, 3.3000, -9.0000, 1.0000)>
MESH
ModularStoneWall_top.018
<Matrix 4x4 (-0.0000, 0.0000,  1.0000, 0.0000)
            ( 0.0000, 1.0000,  0.0000, 0.0000)
            (-1.0000, 0.0000, -0.0000, 0.0000)
            ( 0.0000, 3.3000, -9.0000, 1.0000)>
MESH
ModularStoneWall_top.019
<Matrix 4x4 (-0.0000, 0.0000,  1.0000, 0.0000)
            ( 0.0000, 1.0000,  0.0000, 0.0000)
            (-1.0000, 0.0000, -0.0000, 0.0000)
            ( 2.0000, 3.3000, -9.0000, 1.0000)>
MESH
ModularStoneWall_top.020
<Matrix 4x4 (-0.0000, 0.0000,  1.0000, 0.0000)
            ( 0.0000, 1.0000,  0.0000, 0.0000)
            (-1.0000, 0.0000, -0.0000, 0.0000)
            ( 4.0000, 3.3000, -9.0000, 1.0000)>
MESH
ModularFloor.028
<Matrix 4x4 (1.0000, 0.0000,  0.0000, 0.0000)
            (0.0000, 1.0000, -0.0000, 0.0000)
            (0.0000, 0.0000,  1.0000, 0.0000)
            (0.0000, 0.0000,  0.0000, 1.0000)>
MESH
ModularFloor.001
<Matrix 4x4 (1.0000, 0.0000,  0.0000, 0.0000)
            (0.0000, 1.0000, -0.0000, 0.0000)
            (0.0000, 0.0000,  1.0000, 0.0000)
            (0.0000, 0.0000,  2.0000, 1.0000)>
MESH
ModularFloor.002
<Matrix 4x4 (1.0000, 0.0000,  0.0000, 0.0000)
            (0.0000, 1.0000, -0.0000, 0.0000)
            (0.0000, 0.0000,  1.0000, 0.0000)
            (0.0000, 0.0000,  0.0000, 1.0000)>
MESH
ModularFloor.003
<Matrix 4x4 (1.0000,  0.0000,  0.0000, 0.0000)
            (0.0000,  1.0000, -0.0000, 0.0000)
            (0.0000,  0.0000,  1.0000, 0.0000)
            (0.0000, -0.0000, -2.0000, 1.0000)>
MESH
ModularFloor.004
<Matrix 4x4 (1.0000, 0.0000,  0.0000, 0.0000)
            (0.0000, 1.0000, -0.0000, 0.0000)
            (0.0000, 0.0000,  1.0000, 0.0000)
            (2.0000, 0.0000,  0.0000, 1.0000)>
MESH
ModularFloor.005
<Matrix 4x4 ( 1.0000, 0.0000,  0.0000, 0.0000)
            ( 0.0000, 1.0000, -0.0000, 0.0000)
            ( 0.0000, 0.0000,  1.0000, 0.0000)
            (-2.0000, 0.0000,  0.0000, 1.0000)>
MESH
ModularFloor.006
<Matrix 4x4 ( 1.0000, 0.0000,  0.0000, 0.0000)
            ( 0.0000, 1.0000, -0.0000, 0.0000)
            ( 0.0000, 0.0000,  1.0000, 0.0000)
            (-2.0000, 0.0000, -2.0000, 1.0000)>
MESH
ModularFloor.007
<Matrix 4x4 (1.0000, 0.0000,  0.0000, 0.0000)
            (0.0000, 1.0000, -0.0000, 0.0000)
            (0.0000, 0.0000,  1.0000, 0.0000)
            (2.0000, 0.0000,  2.0000, 1.0000)>
MESH
ModularFloor.008
<Matrix 4x4 (1.0000, 0.0000,  0.0000, 0.0000)
            (0.0000, 1.0000, -0.0000, 0.0000)
            (0.0000, 0.0000,  1.0000, 0.0000)
            (2.0000, 0.0000, -2.0000, 1.0000)>
MESH
ModularFloor.009
<Matrix 4x4 ( 1.0000, 0.0000,  0.0000, 0.0000)
            ( 0.0000, 1.0000, -0.0000, 0.0000)
            ( 0.0000, 0.0000,  1.0000, 0.0000)
            (-2.0000, 0.0000,  2.0000, 1.0000)>
MESH
ModularFloor.010
<Matrix 4x4 (1.0000, 0.0000,  0.0000, 0.0000)
            (0.0000, 1.0000, -0.0000, 0.0000)
            (0.0000, 0.0000,  1.0000, 0.0000)
            (0.0000, 0.0000, -8.0000, 1.0000)>
MESH
ModularFloor.011
<Matrix 4x4 ( 1.0000, 0.0000,  0.0000, 0.0000)
            ( 0.0000, 1.0000, -0.0000, 0.0000)
            ( 0.0000, 0.0000,  1.0000, 0.0000)
            (-2.0000, 0.0000, -8.0000, 1.0000)>
MESH
ModularFloor.012
<Matrix 4x4 (1.0000, 0.0000,  0.0000, 0.0000)
            (0.0000, 1.0000, -0.0000, 0.0000)
            (0.0000, 0.0000,  1.0000, 0.0000)
            (4.0000, 0.0000, -8.0000, 1.0000)>
MESH
ModularFloor.013
<Matrix 4x4 (1.0000, 0.0000,  0.0000, 0.0000)
            (0.0000, 1.0000, -0.0000, 0.0000)
            (0.0000, 0.0000,  1.0000, 0.0000)
            (2.0000, 0.0000, -6.0000, 1.0000)>
MESH
ModularFloor.014
<Matrix 4x4 (1.0000, 0.0000,  0.0000, 0.0000)
            (0.0000, 1.0000, -0.0000, 0.0000)
            (0.0000, 0.0000,  1.0000, 0.0000)
            (2.0000, 0.0000, -8.0000, 1.0000)>
MESH
ModularFloor.015
<Matrix 4x4 (1.0000,  0.0000,  0.0000, 0.0000)
            (0.0000,  1.0000, -0.0000, 0.0000)
            (0.0000,  0.0000,  1.0000, 0.0000)
            (4.0000, -0.0000, -6.0000, 1.0000)>
MESH
ModularFloor.016
<Matrix 4x4 (1.0000, 0.0000,  0.0000, 0.0000)
            (0.0000, 1.0000, -0.0000, 0.0000)
            (0.0000, 0.0000,  1.0000, 0.0000)
            (2.0000, 0.0000, -2.0000, 1.0000)>
MESH
ModularFloor.017
<Matrix 4x4 (1.0000, 0.0000,  0.0000, 0.0000)
            (0.0000, 1.0000, -0.0000, 0.0000)
            (0.0000, 0.0000,  1.0000, 0.0000)
            (2.0000, 0.0000, -4.0000, 1.0000)>
MESH
ModularFloor.018
<Matrix 4x4 (1.0000, 0.0000,  0.0000, 0.0000)
            (0.0000, 1.0000, -0.0000, 0.0000)
            (0.0000, 0.0000,  1.0000, 0.0000)
            (0.0000, 0.0000, -4.0000, 1.0000)>
MESH
ModularFloor.019
<Matrix 4x4 ( 1.0000, 0.0000,  0.0000, 0.0000)
            ( 0.0000, 1.0000, -0.0000, 0.0000)
            ( 0.0000, 0.0000,  1.0000, 0.0000)
            (-2.0000, 0.0000, -4.0000, 1.0000)>
MESH
ModularFloor.020
<Matrix 4x4 ( 1.0000, 0.0000,  0.0000, 0.0000)
            ( 0.0000, 1.0000, -0.0000, 0.0000)
            ( 0.0000, 0.0000,  1.0000, 0.0000)
            (-4.0000, 0.0000, -6.0000, 1.0000)>
MESH
ModularFloor.021
<Matrix 4x4 (1.0000, 0.0000,  0.0000, 0.0000)
            (0.0000, 1.0000, -0.0000, 0.0000)
            (0.0000, 0.0000,  1.0000, 0.0000)
            (2.0000, 0.0000,  4.0000, 1.0000)>
MESH
ModularFloor.022
<Matrix 4x4 (1.0000, 0.0000,  0.0000, 0.0000)
            (0.0000, 1.0000, -0.0000, 0.0000)
            (0.0000, 0.0000,  1.0000, 0.0000)
            (0.0000, 0.0000,  4.0000, 1.0000)>
MESH
ModularFloor.023
<Matrix 4x4 ( 1.0000, 0.0000,  0.0000, 0.0000)
            ( 0.0000, 1.0000, -0.0000, 0.0000)
            ( 0.0000, 0.0000,  1.0000, 0.0000)
            (-2.0000, 0.0000,  4.0000, 1.0000)>
MESH
ModularFloor.024
<Matrix 4x4 (1.0000, 0.0000,  0.0000, 0.0000)
            (0.0000, 1.0000, -0.0000, 0.0000)
            (0.0000, 0.0000,  1.0000, 0.0000)
            (0.0000, 0.0000, -6.0000, 1.0000)>
MESH
ModularFloor.025
<Matrix 4x4 ( 1.0000, 0.0000,  0.0000, 0.0000)
            ( 0.0000, 1.0000, -0.0000, 0.0000)
            ( 0.0000, 0.0000,  1.0000, 0.0000)
            (-4.0000, 0.0000, -8.0000, 1.0000)>
MESH
ModularFloor.026
<Matrix 4x4 ( 1.0000, 0.0000,  0.0000, 0.0000)
            ( 0.0000, 1.0000, -0.0000, 0.0000)
            ( 0.0000, 0.0000,  1.0000, 0.0000)
            (-2.0000, 0.0000, -6.0000, 1.0000)>
MESH
ModularFloor.027
<Matrix 4x4 (1.0000, 0.0000,  0.0000, 0.0000)
            (0.0000, 1.0000, -0.0000, 0.0000)
            (0.0000, 0.0000,  1.0000, 0.0000)
            (0.0000, 0.0000,  4.0000, 1.0000)>
MESH
Carpet.002
<Matrix 4x4 (1.0000, 0.0000,  0.0000, 0.0000)
            (0.0000, 1.0000, -0.0000, 0.0000)
            (0.0000, 0.0000,  1.0000, 0.0000)
            (0.0000, 0.2500,  2.4500, 1.0000)>
MESH
Carpet.001
<Matrix 4x4 (1.0000, 0.0000,  0.0000, 0.0000)
            (0.0000, 1.0000, -0.0000, 0.0000)
            (0.0000, 0.0000,  1.0000, 0.0000)
            (0.0000, 0.2500, -2.8000, 1.0000)>
MESH
Carpet.003
<Matrix 4x4 (-0.0000, 0.0000, -1.0000, 0.0000)
            (-0.0000, 1.0000,  0.0000, 0.0000)
            ( 1.0000, 0.0000, -0.0000, 0.0000)
            (-0.0000, 0.2500, -6.6800, 1.0000)>
MESH
Book2.001
<Matrix 4x4 ( 0.2295, 0.0000,  0.1932, 0.0000)
            ( 0.0000, 0.3000, -0.0000, 0.0000)
            (-0.1932, 0.0000,  0.2295, 0.0000)
            (-4.2056, 1.1979, -6.6416, 1.0000)>
MESH
Book_Open.001
<Matrix 4x4 ( 0.2348, 0.0000, -0.1868, 0.0000)
            (-0.0000, 0.3000, -0.0000, 0.0000)
            ( 0.1868, 0.0000,  0.2348, 0.0000)
            (-4.3432, 1.1935, -6.3578, 1.0000)>
MESH
Book_Open.002
<Matrix 4x4 (-0.2828, 0.0000, -0.1001, 0.0000)
            (-0.0000, 0.3000,  0.0000, 0.0000)
            ( 0.1001, 0.0000, -0.2828, 0.0000)
            (-3.5599, 1.1848, -7.2373, 1.0000)>
MESH
Potion.001
<Matrix 4x4 ( 0.2500, 0.0000,  0.0000, 0.0000)
            ( 0.0000, 0.2500, -0.0000, 0.0000)
            ( 0.0000, 0.0000,  0.2500, 0.0000)
            (-3.8903, 1.1737, -7.4267, 1.0000)>
MESH
Potion3.001
<Matrix 4x4 ( 0.2500, 0.0000,  0.0000, 0.0000)
            ( 0.0000, 0.2500, -0.0000, 0.0000)
            ( 0.0000, 0.0000,  0.2500, 0.0000)
            (-4.3187, 1.1924, -6.9828, 1.0000)>
MESH
Potion6.001
<Matrix 4x4 ( 0.2500, 0.0000,  0.0000, 0.0000)
            ( 0.0000, 0.2500, -0.0000, 0.0000)
            ( 0.0000, 0.0000,  0.2500, 0.0000)
            (-4.2638, 1.1714, -7.1358, 1.0000)>
MESH
Candelabrum.001
<Matrix 4x4 ( 0.3536, 0.0000,  0.3536, 0.0000)
            ( 0.0000, 0.5000, -0.0000, 0.0000)
            (-0.3536, 0.0000,  0.3536, 0.0000)
            (-4.2463, 1.1638, -7.4582, 1.0000)>
MESH
Potion5.001
<Matrix 4x4 ( 0.2500, 0.0000,  0.0000, 0.0000)
            ( 0.0000, 0.2500, -0.0000, 0.0000)
            ( 0.0000, 0.0000,  0.2500, 0.0000)
            (-3.7570, 1.1665, -6.6317, 1.0000)>
MESH
Coin_Pile.001
<Matrix 4x4 ( 0.8090, 0.0000,  0.5878, 0.0000)
            ( 0.0000, 1.0000, -0.0000, 0.0000)
            (-0.5878, 0.0000,  0.8090, 0.0000)
            (-4.7346, 1.2954, -5.4700, 1.0000)>
MESH
Coin_Pile.002
<Matrix 4x4 (1.0000, 0.0000,  0.0000, 0.0000)
            (0.0000, 1.0000, -0.0000, 0.0000)
            (0.0000, 0.0000,  1.0000, 0.0000)
            (4.4111, 0.3600, -7.5894, 1.0000)>
MESH
Coin_Pile.003
<Matrix 4x4 (1.0000, 0.0000,  0.0000, 0.0000)
            (0.0000, 1.0000, -0.0000, 0.0000)
            (0.0000, 0.0000,  1.0000, 0.0000)
            (4.4770, 0.4406, -7.6257, 1.0000)>
MESH
Coin_Pile.009
<Matrix 4x4 (1.0000, 0.0000,  0.0000, 0.0000)
            (0.0000, 1.0000, -0.0000, 0.0000)
            (0.0000, 0.0000,  1.0000, 0.0000)
            (4.5360, 0.3647, -7.5832, 1.0000)>
MESH
Coin_Pile.005
<Matrix 4x4 (1.0000, 0.0000,  0.0000, 0.0000)
            (0.0000, 1.0000, -0.0000, 0.0000)
            (0.0000, 0.0000,  1.0000, 0.0000)
            (4.0733, 0.3600, -8.7321, 1.0000)>
MESH
Coin_Pile.006
<Matrix 4x4 (1.0000, 0.0000,  0.0000, 0.0000)
            (0.0000, 1.0000, -0.0000, 0.0000)
            (0.0000, 0.0000,  1.0000, 0.0000)
            (4.0930, 0.3992, -8.7562, 1.0000)>
MESH
Coin_Pile.007
<Matrix 4x4 (1.0000, 0.0000,  0.0000, 0.0000)
            (0.0000, 1.0000, -0.0000, 0.0000)
            (0.0000, 0.0000,  1.0000, 0.0000)
            (4.0789, 0.3666, -8.8324, 1.0000)>
MESH
Coin_Pile.008
<Matrix 4x4 (1.0000, 0.0000,  0.0000, 0.0000)
            (0.0000, 1.0000, -0.0000, 0.0000)
            (0.0000, 0.0000,  1.0000, 0.0000)
            (4.5499, 1.6687, -6.0532, 1.0000)>
MESH
Chair.001
<Matrix 4x4 (-0.7396, 0.0000, -0.6730, 0.0000)
            (-0.0000, 1.0000,  0.0000, 0.0000)
            ( 0.6730, 0.0000, -0.7396, 0.0000)
            (-2.7112, 0.3533, -7.0184, 1.0000)>
MESH
Table_Small.001
<Matrix 4x4 ( 1.0000, 0.0000,  0.0000, 0.0000)
            ( 0.0000, 1.0000, -0.0000, 0.0000)
            ( 0.0000, 0.0000,  1.0000, 0.0000)
            (-3.8367, 0.3600, -6.9105, 1.0000)>
MESH
Bookcase_Books.001
<Matrix 4x4 (-0.9996, 0.0000, -0.0279, 0.0000)
            (-0.0000, 1.0000,  0.0000, 0.0000)
            ( 0.0279, 0.0000, -0.9996, 0.0000)
            (-3.9786, 0.3852, -8.7394, 1.0000)>
MESH
Barrel.001
<Matrix 4x4 ( 0.7500, 0.0000,  0.0000, 0.0000)
            ( 0.0000, 0.7500, -0.0000, 0.0000)
            ( 0.0000, 0.0000,  0.7500, 0.0000)
            (-4.5609, 0.3252, -5.3922, 1.0000)>
MESH
Bag_Coins.001
<Matrix 4x4 ( 0.7355, 0.0000,  0.1470, 0.0000)
            ( 0.0000, 0.7500, -0.0000, 0.0000)
            (-0.1470, 0.0000,  0.7355, 0.0000)
            (-4.5082, 1.2992, -5.4847, 1.0000)>
MESH
Candle.001
<Matrix 4x4 ( 0.5000, 0.0000,  0.0000, 0.0000)
            ( 0.0000, 0.5000, -0.0000, 0.0000)
            ( 0.0000, 0.0000,  0.5000, 0.0000)
            (-4.6744, 1.2957, -5.2448, 1.0000)>
MESH
Crate.001
<Matrix 4x4 ( 0.4908, 0.0000, -0.0954, 0.0000)
            (-0.0000, 0.5000, -0.0000, 0.0000)
            ( 0.0954, 0.0000,  0.4908, 0.0000)
            ( 4.5872, 0.3773, -5.4836, 1.0000)>
MESH
Crate.003
<Matrix 4x4 ( 0.4825, 0.0000,  0.1311, 0.0000)
            ( 0.0000, 0.5000, -0.0000, 0.0000)
            (-0.1311, 0.0000,  0.4825, 0.0000)
            ( 4.5810, 0.3390, -6.2522, 1.0000)>
MESH
Crate.002
<Matrix 4x4 ( 0.4825, 0.0000,  0.1311, 0.0000)
            ( 0.0000, 0.5000, -0.0000, 0.0000)
            (-0.1311, 0.0000,  0.4825, 0.0000)
            ( 4.6748, 1.0139, -5.8520, 1.0000)>
MESH
Chest.001
<Matrix 4x4 (-0.5089, 0.0000, -0.6173, 0.0000)
            (-0.0000, 0.8000,  0.0000, 0.0000)
            ( 0.6173, 0.0000, -0.5089, 0.0000)
            ( 4.3695, 0.3563, -8.3219, 1.0000)>
MESH
Chest.002
<Matrix 4x4 ( 0.1638, 0.0000, -0.2513, 0.0000)
            (-0.0000, 0.3000, -0.0000, 0.0000)
            ( 0.2513, 0.0000,  0.1638, 0.0000)
            ( 4.5414, 1.6569, -5.7746, 1.0000)>
MESH
Banner_wall.001
<Matrix 4x4 ( 0.0000, 0.0000, -1.0000, 0.0000)
            (-0.0000, 1.0000, -0.0000, 0.0000)
            ( 1.0000, 0.0000,  0.0000, 0.0000)
            ( 2.9800, 3.7500, -4.0000, 1.0000)>
MESH
Banner_wall.006
<Matrix 4x4 ( 0.0000, 0.0000, -1.0000, 0.0000)
            (-0.0000, 1.0000, -0.0000, 0.0000)
            ( 1.0000, 0.0000,  0.0000, 0.0000)
            ( 2.9800, 3.7500,  4.0000, 1.0000)>
MESH
Banner_wall.005
<Matrix 4x4 ( 0.0000, 0.0000,  1.0000, 0.0000)
            ( 0.0000, 1.0000, -0.0000, 0.0000)
            (-1.0000, 0.0000,  0.0000, 0.0000)
            (-2.9800, 3.7500,  4.0000, 1.0000)>
MESH
Banner_wall.004
<Matrix 4x4 ( 0.0000, 0.0000,  1.0000, 0.0000)
            ( 0.0000, 1.0000, -0.0000, 0.0000)
            (-1.0000, 0.0000,  0.0000, 0.0000)
            (-2.9800, 3.7500,  0.0000, 1.0000)>
MESH
Banner_wall.003
<Matrix 4x4 ( 0.0000, 0.0000,  1.0000, 0.0000)
            ( 0.0000, 1.0000, -0.0000, 0.0000)
            (-1.0000, 0.0000,  0.0000, 0.0000)
            (-2.9800, 3.7500, -4.0000, 1.0000)>
MESH
Banner_wall.002
<Matrix 4x4 ( 0.0000, 0.0000, -1.0000, 0.0000)
            (-0.0000, 1.0000, -0.0000, 0.0000)
            ( 1.0000, 0.0000,  0.0000, 0.0000)
            ( 2.9800, 3.7500, -0.0000, 1.0000)>
MESH
Torch_wall.001
<Matrix 4x4 ( 0.5000, 0.0000,  0.0000, 0.0000)
            ( 0.0000, 0.5000, -0.0000, 0.0000)
            ( 0.0000, 0.0000,  0.5000, 0.0000)
            (-3.0000, 3.0000,  2.0000, 1.0000)>
MESH
Torch_wall.002
<Matrix 4x4 ( 0.5000, 0.0000,  0.0000, 0.0000)
            ( 0.0000, 0.5000, -0.0000, 0.0000)
            ( 0.0000, 0.0000,  0.5000, 0.0000)
            (-3.0000, 3.0000, -2.0000, 1.0000)>
MESH
Torch_wall.003
<Matrix 4x4 (-0.5000, 0.0000,  0.0000, 0.0000)
            ( 0.0000, 0.5000,  0.0000, 0.0000)
            (-0.0000, 0.0000, -0.5000, 0.0000)
            ( 3.0000, 3.0000, -2.0000, 1.0000)>
MESH
Torch_wall.004
<Matrix 4x4 (-0.5000, 0.0000,  0.0000, 0.0000)
            ( 0.0000, 0.5000,  0.0000, 0.0000)
            (-0.0000, 0.0000, -0.5000, 0.0000)
            ( 3.0000, 3.0000,  2.0000, 1.0000)>
MESH
Torch_wall.005
<Matrix 4x4 ( 0.0009, 0.0000,  0.5000, 0.0000)
            ( 0.0000, 0.5000, -0.0000, 0.0000)
            (-0.5000, 0.0000,  0.0009, 0.0000)
            ( 0.0000, 3.0000, -9.0000, 1.0000)>
MESH
Cobweb.001
<Matrix 4x4 (-0.0585, -0.4954, -0.0343, 0.0000)
            (-0.4949,  0.0554,  0.0446, 0.0000)
            (-0.0404,  0.0392, -0.4968, 0.0000)
            ( 4.8908,  4.0672, -8.9067, 1.0000)>
MESH
Cobweb.002
<Matrix 4x4 (-0.0585, -0.4954, -0.0343, 0.0000)
            (-0.4949,  0.0554,  0.0446, 0.0000)
            (-0.0404,  0.0392, -0.4968, 0.0000)
            (-4.6243,  3.9943, -5.3147, 1.0000)>
MESH
Helmet2.001
<Matrix 4x4 (0.1061,  0.0000, -0.1061, 0.0000)
            (0.0371,  0.1405,  0.0371, 0.0000)
            (0.0993, -0.0525,  0.0993, 0.0000)
            (4.5836,  1.1493, -5.3139, 1.0000)>
MESH
ShortSword.001
<Matrix 4x4 ( 0.0968,  0.0000, -0.1146, 0.0000)
            ( 0.1145, -0.0034,  0.0968, 0.0000)
            (-0.0026, -0.1500, -0.0022, 0.0000)
            ( 4.5667,  1.0120, -6.4785, 1.0000)>
MESH
Sword.001
<Matrix 4x4 (-0.1060,  0.0016, -0.2806, 0.0000)
            (-0.0816, -0.2872,  0.0292, 0.0000)
            (-0.2685,  0.0867,  0.1019, 0.0000)
            ( 4.9449,  1.4517, -8.8583, 1.0000)>
MESH
Sword.002
<Matrix 4x4 ( 0.0868,  0.0695, -0.2786, 0.0000)
            (-0.1226, -0.2542, -0.1016, 0.0000)
            (-0.2597,  0.1433, -0.0451, 0.0000)
            ( 4.8355,  1.2368, -8.4711, 1.0000)>
